display = list(version='1.0.0',colormap = list(name='Set1 9',
ncolors=9,
type=3,
system='rgb',
backgroundColor = c(0,200,0,200,0,200),
hiddenColor = c(0,500,0,500,0,500),
accentColor = c(1,000,1,000,1,000),
foregroundColors = list(c(0,596,0,306,0,639),c(0,969,0,506,0,749),c(0,894,0,102,0,110),c(0,216,0,494,0,722),c(0,302,0,686,0,290),c(1,000,0,498,0,000),c(0,651,0,337,0,157),c(0,600,0,600,0,600),c(1,000,1,000,0,200))),
title='',type='scatterplot',nplots=1,
plots = list(list(type='scatterplot',projection='XY Plot',scale=c(0,700, 0,700),
tformLims=c(xmin=-0,929, xmax=11,929, ymin=-14,765, ymax=85,978),
planarLims=c(xmin=-23501,000, xmax=23501,000, ymin=-23507,000, ymax=23365,000),
points = list(index = c(0,1,2,3,4,5,6,7,8,9,10,11,12,13,14,15,16,17,18,19,20,21,22,23,24,25,26,27,28,29,30,31,32,33,34,35,36,37,38,39,40,41,42,43,44,45,46,47,48,49,50,51,52,53,54,55,56,57,58,59,60,61,62,63,64,65,66,67,68,69,70,71,72,73,74,75,76,77,78,79,80,81,82,83,84,85,86,87,88,89,90,91,92,93,94,95,96,97,98,
99,100,101,102,103,104,105,106,107,108,109,110,111,112,113,114,115,116,117,118,119,120,121,122,123,124,125,126,127,128,129,130,131,132,133,134,135,136,137,138,139,140,141,142,143,144,145,146,147,148,149,150,151,152,153,154,155,156,157,158,159,160,161,162,163,164,165,166,167,168,169,170,171,172,173,174,175,176,177,178,179,180,181,182,183,184,185,186,187,188,189,190,191,192,193,194,195,196,197,198,
199,200,201,202,203,204,205,206,207,208,209,210,211,212,213,214,215,216,217,218,219,220,221,222,223,224,225,226,227,228,229,230,231,232,233,234,235,236,237,238,239,240,241,242,243,244,245,246,247,248,249,250,251,252,253,254,255,256,257,258,259,260,261,262,263,264,265,266,267,268,269,270,271,272,273,274,275,276,277,278,279,280,281,282,283,284,285,286,287,288,289,290,291,292,293,294,295,296,297,298,
299,300,301,302,303,304,305,306,307,308,309,310,311,312,313,314,315,316,317,318,319,320,321,322,323,324,325,326,327,328,329,330,331,332,333,334,335,336,337,338,339,340,341,342,343,344,345,346,347,348,349,350,351,352,353,354,355,356,357,358,359,360,361,362,363,364,365,366,367,368,369,370,371,372,373,374,375,376,377,378,379,380,381,382,383,384,385,386,387,388,389,390,391,392,393,394,395,396,397,398,
399,400,401,402,403,404,405,406,407,408,409),
x = c(1,1,1,1,1,1,1,1,1,1,1,1,1,1,1,1,1,1,1,1,1,1,1,1,1,1,1,1,1,1,1,1,1,1,1,1,1,1,1,1,1,1,1,1,1,1,1,2,2,2,2,2,2,2,2,2,2,2,2,2,2,2,2,2,2,2,2,2,2,2,2,2,2,2,2,2,2,2,2,2,2,2,2,2,2,2,2,2,2,2,2,2,2,2,2,2,2,2,3,3,
3,3,3,3,3,3,3,3,3,3,3,3,3,3,3,3,3,3,3,4,4,4,4,4,4,4,4,4,4,4,4,4,4,4,4,4,4,4,4,4,5,5,5,5,5,5,5,5,5,5,5,5,5,5,5,5,5,5,5,5,5,6,6,6,6,6,6,6,6,6,6,6,6,6,6,6,6,6,6,6,6,6,6,6,6,6,6,6,6,6,6,6,6,6,6,6,6,6,6,6,
6,6,6,6,6,6,6,6,6,6,6,7,7,7,7,7,7,7,7,7,7,7,7,7,7,7,7,7,7,7,7,7,7,7,7,7,7,7,7,7,7,7,7,7,7,7,7,7,7,7,7,7,7,7,7,7,7,7,7,8,8,8,8,8,8,8,8,8,8,8,8,8,8,8,8,8,8,8,8,8,8,8,8,8,8,8,8,8,8,8,8,8,8,8,8,8,8,8,8,8,
8,8,8,8,8,8,8,8,8,9,9,9,9,9,9,9,9,9,9,9,9,9,9,9,9,9,9,9,9,9,9,9,9,9,9,9,9,9,9,9,9,9,9,9,9,9,9,9,9,9,9,9,9,9,9,9,9,9,9,9,10,10,10,10,10,10,10,10,10,10,10,10,10,10,10,10,10,10,10,10,10,10,10,10,10,10,10,10,10,10,10,10,10,10,10,10,10,10,10,10,
10,10,10,10,10,10,10,10,10,10),
y = c(43,86,44,25,44,55,43,89,39,88,39,45,35,03,34,33,34,94,31,495,32,484,31,899,29,47,31,554,33,928,34,419,34,904,38,9,36,9,35,13,37,73,37,12,47,62,40,38,39,99,39,85,39,17,39,79,40,33,41,19,42,59,40,49,41,03,39,91,38,21,36,73,13,539,35,157,34,998,33,554,32,517,30,32,28,232,26,954,26,128,25,651,26,378,40,34,46,32,39,44,30,65,26,61,25,83,27,1,28,11,29,42,23,41,24,99,22,21,18,936,22,004,19,569,18,431,24,179,24,921,27,262,26,72,25,098,24,52,25,24,23,04,26,92,27,05,38,29,36,29,89,28,11,36,84,32,33,27,21,26,07,26,79,27,27,24,74,23,44,20,85,18,78,32,478,18,715,16,796,14,772,14,61,16,127,12,543,13,944,11,978,12,617,14,544,34,4,32,27,
32,61,31,21,30,97,28,21,29,13,28,87,29,51,28,17,27,961,29,645,29,928,31,32,32,314,31,616,29,941,29,481,28,108,26,775,26,633,27,62,27,12,26,32,27,23,30,87,31,47,30,28,30,52,30,24,38,59,39,226,29,525,30,202,29,327,25,016,18,477,22,999,25,991,24,837,24,697,25,937,36,58,33,99,30,61,30,05,29,99,26,81,27,49,26,93,27,1,29,42,26,614,25,919,26,447,26,537,26,955,26,925,27,868,27,848,28,498,28,2,29,248,27,46,37,48,28,9,35,32,34,65,28,69,15,94,2,99,13,5,13,3,13,49,6,13,44,658,27,772,27,352,21,87,17,039,9,544,5,623,0,5,31,585,29,19,35,08,35,13,26,03,12,33,21,15,23,44,14,79,18,08,40,68,37,20,08,19,45,16,16,19,9,11,62,11,03,13,92,
28,74,39,675,35,035,18,15,26,713,3,409,10,769,1,74,2,83,10,663,11,298,42,77,41,52,45,35,48,62,47,56,45,17,45,78,46,07,41,63,39,414,37,459,39,587,36,754,37,519,40,164,44,468,44,929,43,232,36,68,36,52,35,33,36,11,37,3,45,45,47,17,42,44,42,68,43,57,42,33,38,54,37,38,38,11,41,46,36,13,33,89,33,93,30,13,28,627,34,609,36,752,40,125,38,946,37,92,37,791,38,839,37,832,36,629,38,139,39,51,41,21,33,07,42,37,37,64,34,23,43,65,41,63,31,88,37,5,37,53,37,33,35,286,34,575,33,613,28,686,27,013,37,501,37,301,37,529,38,198,38,29,37,94,38,24,33,57,37,58,39,21,40,65,39,75,39,46,53,16,51,17,57,31,60,5,39,01,40,67,45,23,34,27,37,8,44,09,31,453,
38,716,42,077,40,951,40,806,37,116,36,48,35,639,28,746,38,392,21,57,23,1,33,51,39,73,30,66,24,6,25,83,20,39,22,39,22,38,23,06,23,39,27,28,21,729,20,688,18,542,28,873,38,312,28,518,27,855,28,471,33,51,31,42,28,4,24,34,47,6,24,96,32,27,28,85,31,14,71,02,53,09,36,4,42,51,34,83,27,27,15,25,7,28,03,33,36,25,503,27,39,27,593,25,254,20,795,19,748,21,055,24,443,23,875,25,703,27,282,29,08,23,74,26,29,28,48,28,63,29,6,22,68,15,1,19,81,23,12,26,75,26,05,32,138,31,121,28,145,25,246,20,303,27,284,26,179,26,097,25,586,29,07,29,31,30,63,26,46,27,61,27,86,27,83,28,87,29,56,32,41,33,03,33,83,34,13,33,36,26,56,28,67,27,73,28,24,26,41,
27,022,33,183,30,229,28,962,27,671,23,383,23,643,24,2,25,262,26,557),
color = c(0,0,0,0,0,0,0,0,0,0,0,0,0,0,0,0,0,0,0,0,0,0,0,0,0,0,0,0,0,0,0,0,0,0,0,0,0,0,0,0,0,0,0,0,0,0,0,0,0,0,0,0,0,0,0,0,0,0,0,0,0,0,0,0,0,0,0,0,0,0,0,0,0,0,0,0,0,0,0,0,0,0,0,0,0,0,0,0,0,0,0,0,0,0,0,0,0,0,1,1,
1,1,1,1,1,1,1,1,1,1,1,1,1,1,1,1,1,1,1,2,2,2,2,2,2,2,2,2,2,2,2,2,2,2,2,2,2,2,2,2,3,3,3,3,3,3,3,3,3,3,3,3,3,3,3,3,3,3,3,3,3,4,4,4,4,4,4,4,4,4,4,4,4,4,4,4,4,4,4,4,4,4,4,4,4,4,4,4,4,4,4,4,4,4,4,4,4,4,4,4,
4,4,4,4,4,4,4,4,4,4,4,5,5,5,5,5,5,5,5,5,5,5,5,5,5,5,5,5,5,5,5,5,5,5,5,5,5,5,5,5,5,5,5,5,5,5,5,5,5,5,5,5,5,5,5,5,5,5,5,6,6,6,6,6,6,6,6,6,6,6,6,6,6,6,6,6,6,6,6,6,6,6,6,6,6,6,6,6,6,6,6,6,6,6,6,6,6,6,6,6,
6,6,6,6,6,6,6,6,6,7,7,7,7,7,7,7,7,7,7,7,7,7,7,7,7,7,7,7,7,7,7,7,7,7,7,7,7,7,7,7,7,7,7,7,7,7,7,7,7,7,7,7,7,7,7,7,7,7,7,7,8,8,8,8,8,8,8,8,8,8,8,8,8,8,8,8,8,8,8,8,8,8,8,8,8,8,8,8,8,8,8,8,8,8,8,8,8,8,8,8,
8,8,8,8,8,8,8,8,8,8),
glyphtype = c(5,5,5,5,5,5,5,5,5,5,5,5,5,5,5,5,5,5,5,5,5,5,5,5,5,5,5,5,5,5,5,5,5,5,5,5,5,5,5,5,5,5,5,5,5,5,5,5,5,5,5,5,5,5,5,5,5,5,5,5,5,5,5,5,5,5,5,5,5,5,5,5,5,5,5,5,5,5,5,5,5,5,5,5,5,5,5,5,5,5,5,5,5,5,5,5,5,5,5,5,
5,5,5,5,5,5,5,5,5,5,5,5,5,5,5,5,5,5,5,5,5,5,5,5,5,5,5,5,5,5,5,5,5,5,5,5,5,5,5,5,5,5,5,5,5,5,5,5,5,5,5,5,5,5,5,5,5,5,5,5,5,5,5,5,5,5,5,5,5,5,5,5,5,5,5,5,5,5,5,5,5,5,5,5,5,5,5,5,5,5,5,5,5,5,5,5,5,5,5,5,
5,5,5,5,5,5,5,5,5,5,5,5,5,5,5,5,5,5,5,5,5,5,5,5,5,5,5,5,5,5,5,5,5,5,5,5,5,5,5,5,5,5,5,5,5,5,5,5,5,5,5,5,5,5,5,5,5,5,5,5,5,5,5,5,5,5,5,5,5,5,5,5,5,5,5,5,5,5,5,5,5,5,5,5,5,5,5,5,5,5,5,5,5,5,5,5,5,5,5,5,
5,5,5,5,5,5,5,5,5,5,5,5,5,5,5,5,5,5,5,5,5,5,5,5,5,5,5,5,5,5,5,5,5,5,5,5,5,5,5,5,5,5,5,5,5,5,5,5,5,5,5,5,5,5,5,5,5,5,5,5,5,5,5,5,5,5,5,5,5,5,5,5,5,5,5,5,5,5,5,5,5,5,5,5,5,5,5,5,5,5,5,5,5,5,5,5,5,5,5,5,
5,5,5,5,5,5,5,5,5,5),
glyphsize = c(1,1,1,1,1,1,1,1,1,1,1,1,1,1,1,1,1,1,1,1,1,1,1,1,1,1,1,1,1,1,1,1,1,1,1,1,1,1,1,1,1,1,1,1,1,1,1,1,1,1,1,1,1,1,1,1,1,1,1,1,1,1,1,1,1,1,1,1,1,1,1,1,1,1,1,1,1,1,1,1,1,1,1,1,1,1,1,1,1,1,1,1,1,1,1,1,1,1,1,1,
1,1,1,1,1,1,1,1,1,1,1,1,1,1,1,1,1,1,1,1,1,1,1,1,1,1,1,1,1,1,1,1,1,1,1,1,1,1,1,1,1,1,1,1,1,1,1,1,1,1,1,1,1,1,1,1,1,1,1,1,1,1,1,1,1,1,1,1,1,1,1,1,1,1,1,1,1,1,1,1,1,1,1,1,1,1,1,1,1,1,1,1,1,1,1,1,1,1,1,1,
1,1,1,1,1,1,1,1,1,1,1,1,1,1,1,1,1,1,1,1,1,1,1,1,1,1,1,1,1,1,1,1,1,1,1,1,1,1,1,1,1,1,1,1,1,1,1,1,1,1,1,1,1,1,1,1,1,1,1,1,1,1,1,1,1,1,1,1,1,1,1,1,1,1,1,1,1,1,1,1,1,1,1,1,1,1,1,1,1,1,1,1,1,1,1,1,1,1,1,1,
1,1,1,1,1,1,1,1,1,1,1,1,1,1,1,1,1,1,1,1,1,1,1,1,1,1,1,1,1,1,1,1,1,1,1,1,1,1,1,1,1,1,1,1,1,1,1,1,1,1,1,1,1,1,1,1,1,1,1,1,1,1,1,1,1,1,1,1,1,1,1,1,1,1,1,1,1,1,1,1,1,1,1,1,1,1,1,1,1,1,1,1,1,1,1,1,1,1,1,1,
1,1,1,1,1,1,1,1,1,1),
hidden = c(0,0,0,0,0,0,0,0,0,0,0,0,0,0,0,0,0,0,0,0,0,0,0,0,0,0,0,0,0,0,0,0,0,0,0,0,0,0,0,0,0,0,0,0,0,0,0,0,0,0,0,0,0,0,0,0,0,0,0,0,0,0,0,0,0,0,0,0,0,0,0,0,0,0,0,0,0,0,0,0,0,0,0,0,0,0,0,0,0,0,0,0,0,0,0,0,0,0,0,0,
0,0,0,0,0,0,0,0,0,0,0,0,0,0,0,0,0,0,0,0,0,0,0,0,0,0,0,0,0,0,0,0,0,0,0,0,0,0,0,0,0,0,0,0,0,0,0,0,0,0,0,0,0,0,0,0,0,0,0,0,0,0,0,0,0,0,0,0,0,0,0,0,0,0,0,0,0,0,0,0,0,0,0,0,0,0,0,0,0,0,0,0,0,0,0,0,0,0,0,0,
0,0,0,0,0,0,0,0,0,0,0,0,0,0,0,0,0,0,0,0,0,0,0,0,0,0,0,0,0,0,0,0,0,0,0,0,0,0,0,0,0,0,0,0,0,0,0,0,0,0,0,0,0,0,0,0,0,0,0,0,0,0,0,0,0,0,0,0,0,0,0,0,0,0,0,0,0,0,0,0,0,0,0,0,0,0,0,0,0,0,0,0,0,0,0,0,0,0,0,0,
0,0,0,0,0,0,0,0,0,0,0,0,0,0,0,0,0,0,0,0,0,0,0,0,0,0,0,0,0,0,0,0,0,0,0,0,0,0,0,0,0,0,0,0,0,0,0,0,0,0,0,0,0,0,0,0,0,0,0,0,0,0,0,0,0,0,0,0,0,0,0,0,0,0,0,0,0,0,0,0,0,0,0,0,0,0,0,0,0,0,0,0,0,0,0,0,0,0,0,0,
0,0,0,0,0,0,0,0,0,0)
),
params = list(xlabel='lab',ylabel='SO4'))),
showMissing=1,showPoints=1,showDirectedEdges=0,showUndirectedEdges=0,showArrowheads=0)
